20170103_140120161227464534.txt 1 3 6 13 14 18 21 22 23 24 25 26 27 28 31 32 34 36 41 43 44 47 49 52 54 55 57 61 65 66 67 69 70 73 77 79 80 84 85 87 90 91 95 96 97 98 101 106 107 120 125 128 129 130 131 132 142 146 147 148 152 154 156 169 172 173 176 177 178 192 200 205 206 207 208 209 210 211 212 214 216 217 218 221 223 224 225 228 230 235 236 238 241 242 243 244 245 246 247 249 250 251 252 255 256 257 258 260 261 262 263 264 265 266 267 268 269 270 271 272 273 274 275 276 278 280 281 283 285 286 287 288 290 291 294 297 298 301 302 303 304 305 306 307 308 309 310 311 312 313 314 315 316 317 318 319 320 321 325 327 329 330 331 333 334 336 337 338 339 340 341 342 344 346 347 349 352 354 355 356 357 359 361 362 363 364 365 367 368 369 370 371 372 373 374 375 376 377 378 379 380 381 382 383 384 385 386 387 388 390 391 392 393 394 395 396 397 398 399 400 402 403 405 406 407 408 409 411 412 413 417 418 419 420 421 422 423 424 425 426 427 428 429 430 433 435 436 437 438 439 440 448 449 456 458 459 460 461 463 464 467 470 472 473 475 476 477 479 481 482 483 484 485 486 488 489 490 491 492 493 494 495 496 497 498 499 500 502 503 504 505 506 507 508 509 510 511 512 513 514 515 516 517 518 519 520 524 525 529 531 532 533 534 535 536 537 539 540 541 542 543 544 554 557 563 565 566 567 568 569 570 572 573 576 577 578 579 580 581 582 583 584 585 586 587 588 589 590 591 593 594 595 596 597 598 599 600 601 602 603 604 605 606 607 608 609 610 611 612 613 614 615 616 618 619 620 621 622 623 624 625 626 627 628 629 630 631 632 633 634 635 660 669 672 673 674 675 676 677 680 681 682
20170104_140120161219459896.txt 0 1 2 3 4 5 6
20170104_140120161221461441.txt 0 1 2 3 4 5 6 7 8 9
20170104_140120161225463003.txt 0 1 2 3 4 5 6
20170104_140120161226463695.txt 0 1 2 3 4 5 6
20170104_140120161226463775.txt 1 1 4 8 9 11 13 18 21 23 25 26 27 28 29 30 31 32 33 34 35 36 38
20170104_140120161226463777.txt 0 2 3 4 5
20170104_140120161227464127.txt 0 1 2 3 4 5 6
20170104_140120161227464174.txt 0 1 2 3 4 5 6
20170104_140120161227464364.txt 0 2 3 4 5 6
20170104_140120161228464924.txt 0 2 3 4 5 6
20170104_140120161228465003.txt 0 1 2 3 4 5 6
20170104_140120161228465189.txt 0 3 4 5 6 7 8 9 10 11 14 15 16
20170104_140120161228465195.txt 1 4 5 6 7 8 9
20170104_140120161229465838.txt 3 2 4 6 9 11 13 14 15
20170104_140120161230466140.txt 0 1 2 3 4 5 6
20170104_140120161230466193.txt 0 2 3 4 5 6 7
20170104_140120161230466262.txt 0 1 2 3 4 5 6
20170104_140120170103467356.txt 0 3 5 6 7
20170104_140120170104467557.txt 0 3 4 6 7 8
20170104_140120170104467563.txt 0
20170104_140120170104467591.txt 0 1 2 3 4 5 6 7 9
20170104_140120170104467595.txt 0 1 2 3 9 10 11 13 14 15
20170104_140120170104467601.txt 0 1 2 3 4 5 6
20170104_140120170104467603.txt 0 2 3 4 5 6 7 8 9 10 11
20170104_140120170104467617.txt 0 8
20170104_140120170104467627.txt 0 1 2 3 4 5 6 8 9 10
20170104_140120170104467629.txt 0 1 2 3 4 5 6
20170104_140120170104467631.txt 0 2 5 9 10 12 13
20170104_140120170104467634.txt 0 2 3 4 5 6 7
20170104_140120170104467639.txt 0 1 2 3 4 5 6 8
20170104_140120170104467644.txt 0 2 3 4 5 6 7 10
20170104_140120170104467648.txt 1 6 7 9 10 11 12
20170104_140120170104467656.txt 0 2 3 4 5 6 7 9 10
20170104_140120170104467663.txt 0 2 3 4 5 6 7
20170104_140120170104467673.txt 0 1 2 3 4 6
20170104_140120170104467679.txt 0 2 3 4 5 8
20170104_140120170104467686.txt 0 3 4 5 6 7
20170104_140120170104467688.txt 0 2 4
20170104_140120170104467691.txt 0 2 3 4 6
20170104_140120170104467693.txt 0 1 2 3 4 5 6
20170104_140120170104467699.txt 0 2 3 4 6 7 8 11 12
20170104_140120170104467702.txt 0 3 4 6 7 8
20170104_140120170104467712.txt 0 1 2 3 4 5 6 7 9
20170104_140120170104467732.txt 3 5
20170104_140120170104467741.txt 0 1 2 3 4 5 6 7
20170104_140120170104467754.txt 0 3 4 5 6 7 8
20170104_140120170104467757.txt 0 1 2 3 4 5 6
20170104_140120170104467758.txt 0 2 3 4 5 6 7
20170104_140120170104467779.txt 0 3 4 5 6 9 17 18 19
20170104_140120170104467782.txt 0 1 2 3 5 6 7
20170104_140120170104467795.txt 0 2 3 4 5 6 7 8
20170104_140120170104467804.txt 0 1 2 3 5 6 7 9 10 12 13 14 15 16 18 19 20
20170104_140120170104467807.txt 1 3 4 5 6 7 8 9
20170104_140120170104467817.txt 0 2 3 4 5 6 7
20170104_140120170104467821.txt 0 1 2 3 4 5 6 9
20170104_140120170104467828.txt 0 1 2 3 4 5 6
20170104_140120170104467837.txt 1 2 4 6 9
20170104_140120170104467840.txt 0 2 3 5 6 7
20170104_140120170104467843.txt 0 1 2 5 6 7 8 10 11 13 14 15
20170104_140120170104467881.txt 0 1 2 3 4 5 6
20170104_140120170104467886.txt 0 1 2 3 4 5 6
20170104_140120170104467888.txt 0 3 5 6 7 8 9 10 11 12 13 14 20 21 22
20170104_140120170104467889.txt 0 1 2
20170104_140120170104467898.txt 0 2 3 4 5 6
20170104_140120170104467901.txt 0 1 2 3 4 5
20170104_140120170104467938.txt 0 2 3 4 5 6 7 8 9 11
20170104_20170603.txt 1 5 6 10 11 13 20 25 26 27 29 33 34 35 37 38 42 43 44 45 70 73 77 79 84 94 95 96 98 99 100 101 102 109 110 111 112 113 115 116 117 118 119 121 122 123 124 125 127 128 129 130 131 132 133 134 136 137 138 139 140 141 142 143 144 145 146 147 149 150 153 159 161 162 165 168 170 171 174 175 176 177 178 179 180 181 182 183 184 185 186 187 188 189 190 191 192 193 194 195 196 197 198 199 200 201 202 203 204 205 207 208 209 210 211 212 213 214 215 216 217 218 219 220 222 223 224 226 228 233 234 236 240 243
20170104_20170604.txt 1 3 6 7 22 26 27 30 31 32 33 36 40 43 44 47 50 52 53 56 59 60 61 62 63 64 65 66 79 80 81 83 86 87 88 90 91 92 95 99 100 101 103 106 107 109 110 111 112 115 116 117 124 126 131 136 143 149 152 154 155 158 159 164 166 167 168 173 189 191 193 195 196 199 200 204 205 209 210 211 212 220 221 223 227 230 232 234 238 239 240 242 243 245 246 247 248 249 250 251 252 253 259 260 263 264 265 266 267 268 273 274 275 276 277 278 279 280 281 282 283 284 285 286 289 290 293 294 296 297 298 300 303 304 305 306 307 308 309 311 313 314 315 317 318 319 320 321 323 324 325 326 329 330 331 333 334 335 336 337 338 341 344 345 346 347 348 349 350 351 353 354 355 356 357 358 359 360 361 362 363 364 365 366 367 368 369 370 371 372 373 374 375 377 378 380 381 382 383 384 385 386 387 388 389 390 391 392 394 395 396 397 398 400 401 402 403 404 405 406 407 408 409 410 411 412 416
20170104_20170606.txt 1 6 8 10 13 34 36 38 39 40 41 45 46 64 73 74 83 90 93 101 106 107 109 111 112 113 114 115 116 119 120 122 123 124 125 126 127 128 129 130 132 133 134 135 136 137 138 139 140 141 143 144 146 147 149 150 152 153 154 156 157 158 159 160 161 162 163 164 165 166 167 168 169 170 172 173 174 176 177 178 179 180 184 186 189 190 191 193 195 196 197 198 200 206 207 208 211 214 215 216 218 219 220 221 222 223 224 225 226 227 228 229 230 231 232 233 234 235 236 237 238 239 240 241 242 243 244 245 246 247 248 249 250 251 252 253 254 255 256 257 258 259 260 261 263 266 270 271 274 276 277 278 279 280 284 287 290 292 293 296 301 304 312 314 317 319 321 324 325 327 329
20170104_20170611.txt 1 4 5 6 7 8 20 27 60 61 67 69 72 73 74 75 80 81 82 83 84 85 86 88 89 90 91 92 93 95 97 98 100 101 103 104 105 106 107 108 109 113 114 117 118 120 121 122 123 124 125 130 132 133 134 136 137 138 139 140 141 142 143 144 145 146 147 148 149 150 151 152 153 154 155 156 157 158 159 160 161 162 163 164 165 166 167 168 169 170 171 172 173 174 175 176 177 178 179 180 181 184 185 187 188 189 190 191 194 195 196 202 204 206 207 212 213 214 217 218 219 220 222 223
20170104_20170614.txt 1 3 6 7 8 10 11
20170104_20170617.txt 1 2 6 7 8 9
20170104_20170621.txt 4 3 5 6 7 10 15 16 17 19 21 22 23
20170105_010120170104467675.txt 0 1 2 3 6 7 9
20170105_140120161201449935.txt 0 1 2 3 4 5 6
20170105_140120161205452001.txt 0 2 3 4 5 6 7 8
20170105_140120161209455219.txt 1 3 10 11 12 13 14 15 16 17 21 22 23 25 26 27 28 29 30 31 32 33 34 35 36 37 38 40 42 43 44 45 47 48 49 50 51 52 53 54 55 56 59 60 61 62 67 70 71 76 80 81 82 83 84 85 86 87 88 89 94 98 101 102 103 104 105 108 109 110 111 113 114 115 117 120 121 122 123 125 126 129 130 131 132 134 135 138 141 142 144 146 148 149 150 151 153 155 157 158 159 160 161 162 163 165 166 167 168 169 171 172 173 174 176 177 179 180 181 182 183 184 185 186 187 188 191 192 193 194 196 198 202 203 205 208 219 220 221 222 225 226 227 228 229 234 237 240 242 243 244 245